  
   
  119   99  111  141   43    0   12    7    0   10   16   15   33   33   31
   96   93  108  112  134   58    2    0    9    0    0   14   24   22   22
  110  103  103  106  123  120   59    8    0    0    0    3    9   12   15
  101  130  111   96  101  122  125   70   10    3    2    0    5    4    9
  127  103  101  109  108  114  123  124   76    5    0    4   10    0    7
  113  118  119  114  109  119  112  116  135  112   26    0   13    0    3
  111  116  118  114  110  112  121  102  110  142  106   26    0   10    0
  108  113  116  115  112  128   96  117  124  101  129  118   23    0   17
  107  111  115  115  114  116  119  125  114   97  109  123  116   43   10
  108  110  114  115  115  113  119  116  116  119  110  113  136  134   56
  111  110  113  115  116  124  108  112  120  115  120  124  112  139  142
  115  111  113  115  116  110  139  114   94  124  122  104  123  114  132
  118  112  113  115  116  119  116  125  120  103  114  126  110  101  110
  118  113   91  117  103  113  113  113  114  115  116  116  117  105  104
  124  117   94  117  103  112  113  113  114  115  116  116  116  122  108